[2023-07-19 10:19:45][sample_serial_collector.py:370][INFO] collect end:
episode_count: 118
envstep_count: 2382
train_sample_count: 2382
avg_envstep_per_episode: 20.1864406779661
avg_sample_per_episode: 20.1864406779661
avg_envstep_per_sec: 2711.4875576936106
avg_train_sample_per_sec: 2711.4875576936106
avg_episode_per_sec: 134.32222158179934
collect_time: 0.8784845769405365
reward_mean: 20.1864406779661
reward_std: 9.628655284382338
reward_max: 62.0
reward_min: 9.0
total_envstep_count: 2480
total_train_sample_count: 2454
total_episode_count: 118
total_duration: 0.8784845769405365
